Anzahl Durchläufe: 200
Anzahl Partikel: 20
Maximale Containeranzahl: 100
gbest Fitness Historie: [1007223, 143177, 143177, 143177, 143177, 143177, 143177, 143177, 143177, 143177, 143177, 143177, 143177, 143177, 143177, 143177, 143177, 143177, 143177, 143177, 143177, 143177, 143177, 143177, 143177, 143177, 143177, 143177, 143177, 143177, 143177, 143177, 143177, 143177, 143173, 143173, 143173, 143173, 143173, 143173, 143173, 143173, 143173, 143173, 143173, 143173, 143173, 143173, 143173, 143173, 143173, 143173, 143173, 143173, 143173, 143173, 143173, 143173, 143173, 143173, 143173, 143173, 143173, 143173, 143173, 143173, 143173, 143173, 143173, 143173, 143173, 143173, 143173, 143173, 143173, 143173, 143173, 143173, 143173, 143173, 143173, 143173, 143173, 143173, 143173, 143173, 143173, 143173, 143173, 143173, 143173, 143173, 143173, 143173, 143173, 143173, 143173, 143173, 143173, 143173, 143173, 143173, 143173, 143173, 143173, 143173, 143173, 143173, 143173, 143173, 143173, 143173, 143173, 143173, 143173, 143173, 143173, 143173, 143173, 143173, 143173, 143173, 143173, 143173, 143173, 143173, 143173, 143173, 143173, 143173, 143173, 143173, 143173, 143173, 143173, 143173, 143173, 143173, 143173, 143173, 143173, 143173, 143173, 143173, 143173, 143173, 143173, 143173, 143173, 143173, 143173, 143173, 143173, 143173, 143173, 143173, 143173, 143173, 143173, 143173, 143173, 143173, 143173, 143173, 143173, 143173, 143173, 143173, 143173, 143173, 143173, 143173, 143173, 143173, 143173, 143173, 143173, 143173, 143173, 143173, 143173, 143173, 143173, 143173, 143173, 143173, 143173, 143173, 143173, 143173, 143173, 143173, 143173, 143173, 143173, 143173, 143173, 143173, 143173, 143173, 143173]
gbest Container Historie: [44, 38, 38, 38, 38, 38, 38, 38, 38, 38, 38, 38, 38, 38, 38, 38, 38, 38, 38, 38, 38, 38, 38, 38, 38, 38, 38, 38, 38, 38, 38, 38, 38, 38, 38, 38, 38, 38, 38, 38, 38, 38, 38, 38, 38, 38, 38, 38, 38, 38, 38, 38, 38, 38, 38, 38, 38, 38, 38, 38, 38, 38, 38, 38, 38, 38, 38, 38, 38, 38, 38, 38, 38, 38, 38, 38, 38, 38, 38, 38, 38, 38, 38, 38, 38, 38, 38, 38, 38, 38, 38, 38, 38, 38, 38, 38, 38, 38, 38, 38, 38, 38, 38, 38, 38, 38, 38, 38, 38, 38, 38, 38, 38, 38, 38, 38, 38, 38, 38, 38, 38, 38, 38, 38, 38, 38, 38, 38, 38, 38, 38, 38, 38, 38, 38, 38, 38, 38, 38, 38, 38, 38, 38, 38, 38, 38, 38, 38, 38, 38, 38, 38, 38, 38, 38, 38, 38, 38, 38, 38, 38, 38, 38, 38, 38, 38, 38, 38, 38, 38, 38, 38, 38, 38, 38, 38, 38, 38, 38, 38, 38, 38, 38, 38, 38, 38, 38, 38, 38, 38, 38, 38, 38, 38, 38, 38, 38, 38, 38, 38, 38]
gbest Verteilung:
0: 24
1: 41
2: 27
3: 2
4: 11
5: 33
6: 16
7: 30
8: 2
9: 7
10: 49
11: 47
12: 45
13: 23
14: 31
15: 12
16: 16
17: 34
18: 7
19: 24
20: 17
21: 6
22: 12
23: 34
24: 1
25: 38
26: 18
27: 25
28: 32
29: 33
30: 29
31: 19
32: 15
33: 42
34: 17
35: 12
36: 29
37: 30
38: 27
39: 15
40: 23
41: 46
42: 38
43: 21
44: 21
45: 1
46: 18
47: 46
48: 1
49: 42
50: 32
51: 19
52: 33
53: 17
54: 38
55: 41
56: 32
57: 40
58: 46
59: 36
60: 48
61: 39
62: 44
63: 19
64: 46
65: 31
66: 0
67: 41
68: 18
69: 40
70: 31
71: 25
72: 43
73: 17
74: 39
75: 7
76: 40
77: 24
78: 48
79: 45
80: 28
81: 0
82: 43
83: 17
84: 0
85: 25
86: 33
87: 7
88: 28
89: 24
90: 44
91: 11
92: 1
93: 36
94: 47
95: 42
96: 10
97: 29
98: 49
99: 34
gbest Container: 38
Laufzeit: 50.2869s
